361
15802435
1440478
907863
1838387
2679616
852361
318175
2474892
5382475
4064227
1388721
4609278
1721895
1915371
2903271
988425
201588
1461660
566650
1378611
2541627
2738598
2492338
1443062
4178475
3260992
1599166
902307
268751
19336025
4020538
2876953
1775237
2706093
1744533
1125644
1053781
2057141
7840136
2995934
3455970
2913710
6706957
4702454
3497164
2823435
4204927
4225161
17681817
1130348
4162639
324207
3040474
5833324
2647012
3491214
5519279
3362036
576083
1532209
11742786
1105973
1451502
1181318
853709
2475376
5378311
4913690
5841136
6354387
2072528
5655355
3398320
1388751
2186463
2056935
4324121
2298615
3264368
748617
8372026
1187212
1233811
2292633
11465647
2499396
5424384
3003985
3784725
5243979
7045913
8610484
4589762
3897467
9311872
6611411
5881160
1138561
8616323
9247557
5667521
3954686
3708927
4749494
3490099
4307270
2699381
1951594
7577987
3996467
1761215
9973449
3779631
2960642
6878784
14996445
6280930
7812697
5256613
7362220
3379785
4826163
3725885
13422256
4689875
7025336
3219187
2138492
4470338
7728084
2714660
3508974
2170415
10397903
2713456
3101215
4963796
5769318
4550749
3688813
9108758
3497887
7331891
2940741
4531064
1190055
3626311
192370
2217653
172677
446373
528609
452226
414579
574083
1169814
110231
1213631
1671655
1605074
540121
1261155
520846
215062
6441006
6340974
5796917
4207683
10428963
4077992
5878098
4373957
5440998
7002233
9815181
5800183
2586836
6906570
4800624
5149941
5003834
6152352
4118291
1086039
1402017
2170985
11469926
1006270
15321881
8916361
6282011
4658223
3907581
8657852
14887432
3667323
5072518
9948449
12880064
2305030
7257447
9933842
11955707
9599559
7425887
5337922
5280774
7388677
8877430
2654874
4711361
5208712
5278212
11149437
8069232
2067389
1819671
5304888
3755662
6970948
7178765
7705945
2196514
4267912
773114
2060075
4783813
547165
1499999
394028
379877
414744
80200
143559
940004
243609
225956
490579
194682
1970264
471373
144554
622309
142849
360825
1489236
3665819
2981662
1384571
4864349
3991149
3747432
11043562
1012988
74487
5467711
2816025
5831290
1200174
2208354
7060030
2989279
3895401
4912601
4424178
1409779
4067469
3355190
5046512
2465513
2415765
3447164
6407031
5967004
4729138
7089298
1326533
3691182
341873
3601679
2182645
2245053
2259424
1625613
1746201
377693
2090911
1260240
532940
1854943
2675776
2593452
3432861
2977069
9268343
5049843
7818135
4053384
2837700
110337
404381
134390
87934
113875
62700
44621
2412503
2226399
5078850
4896285
5899520
3194081
4343236
3403461
2868723
2163224
6588930
1888566
2797936
1327340
8162783
1327408
2456338
2541732
1635478
2688243
2859820
1842995
3412050
30745443
6210746
1788204
2467629
4407217
2262390
3470317
3353895
6724948
10637223
828139
36332
1003748
225773
215673
474573
75039
2257225
81294
863676
1052296
2270037
1436096
9861928
247208
2832118
2447399
4453675
1543348
1014832
1480606
4231526