361
28004719 
1357287 
929933 
1577527 
2539917 
996601 
355755 
2271317 
9048769 
3345999 
1423543 
3767185 
1405233 
1863490 
2805462 
1173307 
273011 
1298039 
630944 
1347918 
2873355 
2568312 
3141950 
1511055 
3772218 
2958649 
2112566 
979309 
328423 
37674254 
3690322 
2447722 
1717663 
2394251 
1540651 
961377 
896760 
1748017 
8821128 
2652605 
2273360 
2753058 
4912649 
3745022 
2518320 
2230972 
2785856 
3403902 
29508540 
1125648 
3432611 
463397 
2301549 
5046555 
1936382 
2252008 
3837997 
2427170 
574764 
1389858 
16137311 
962873 
1287057 
1032226 
773002 
3186595 
3246375 
2930716 
8678588 
3858267 
1625927 
3280623 
2059043 
945171 
1574690 
1682087 
3088197 
2498255 
2303759 
718528 
5153969 
1159593 
894827 
2367675 
9099866 
2712667 
3954357 
2419124 
2831506 
3930241 
9583168 
6482054 
4241385 
3202859 
7989689 
6473744 
4485647 
962135 
5512508 
11412948 
4437826 
3123206 
3087612 
6776177 
2531046 
4003072 
2201640 
1504442 
5463617 
3287265 
1543588 
22959475 
7979572 
1837523 
15170518 
32235022 
8292880 
5424641 
2991691 
6934979 
2264061 
5360043 
2426961 
34435623 
3643414 
5056676 
2688992 
3604434 
3713822 
4478559 
1952323 
2543920 
2220469 
11889380 
2063126 
1935672 
5360413 
4852113 
2920067 
2630696 
5351537 
3021694 
3994335 
1888893 
2879522 
1236858 
4350083 
287469 
2027619 
183795 
468416 
453271 
457698 
399820 
613332 
1117983 
113429 
982686 
1680398 
1506231 
513407 
1240204 
477664 
181607 
11058725 
5717031 
4104101 
5940982 
8572876 
3905570 
8874831 
3563361 
3916540 
5064585 
18323021 
4466196 
2930284 
4276519 
3645334 
6438744 
3289549 
4350636 
2817744 
927186 
1187598 
1637982 
8084943 
791268 
12692338 
8100823 
6586084 
3880347 
3106548 
7056316 
14733213 
3343276 
3760326 
7111788 
9810253 
1851709 
4408170 
6740011 
6629725 
6212075 
5593536 
3929771 
3682807 
5760212 
7316905 
1918229 
3372708 
4233949 
3800421 
17194749 
4966826 
1540791 
1726371 
6501199 
5367091 
11391707 
14892218 
10821042 
2926503 
5578902 
985597 
1742707 
7772230 
430007 
1590630 
348798 
275727 
312712 
88220 
120019 
752560 
181599 
173687 
402107 
179056 
3119954 
382789 
118541 
516975 
100720 
332811 
909284 
2854494 
2042987 
719296 
3370091 
3352621 
2681736 
17265861 
662565 
65776 
3434781 
1938593 
4330988 
890907 
1310261 
3788769 
2210220 
2815089 
3619941 
3141170 
1020420 
3194413 
3119354 
3003359 
2198011 
1880066 
2372321 
4526058 
3900385 
3546755 
11505961 
1218938 
5293971 
397267 
2995754 
1935183 
1977876 
2185773 
1494660 
1485618 
429422 
1797970 
1234348 
512302 
1806209 
2074044 
1987695 
6742642 
2238070 
10426040 
4235302 
9859006 
3293624 
2090240 
124981 
501973 
141484 
110058 
128014 
74930 
48958 
2349492 
2117339 
4444686 
7647851 
5942715 
2872371 
3742192 
3213777 
2654492 
1788741 
7783043 
1625949 
2266978 
1158672 
10145737 
1332805 
2189860 
2113663 
1426212 
2221148 
2505533 
1601611 
2993094 
31393288 
5245465 
1339282 
1872742 
3578550 
2377415 
3635349 
2797956 
5335591 
16336401 
703084 
48241 
854460 
235211 
236593 
589573 
82847 
2623016 
96939 
763401 
850003 
2076014 
1237509 
10619916 
218810 
2837350 
2161988 
3665621 
1363289 
896312 
1371337 
3691295 