21903576.8
1398882.4
918897.8
1707956.9
2609766.7
924480.8
336964.9
2373104.3
7215621.8
3705112.9
1406132
4188231.7
1563563.8
1889430.4
2854366.4
1080866.1
237299.3
1379849.7
598796.9
1363264.6
2707490.8
2653455.2
2817144
1477058.5
3975346.7
3109820.5
1855865.9
940807.9
298587
28505139.7
3855429.9
2662337.4
1746449.8
2550171.9
1642591.8
1043510.4
975270.4
1902578.8
8330632.2
2824269.7
2864664.9
2833383.9
5809802.9
4223738.1
3007742.1
2527203.5
3495391.4
3814531.7
23595178.7
1127998.2
3797624.8
393802
2671011.3
5439939.7
2291697
2871611
4678638.1
2894602.8
575423.7
1461033.7
13940048.6
1034423
1369279.4
1106772.1
813355.7
2830985.7
4312343
3922203.1
7259862.2
5106326.8
1849227.4
4467989.1
2728681.5
1166961.2
1880576.5
1869511.1
3706158.9
2398434.9
2784063.7
733572.5
6762997.7
1173402.5
1064319
2330153.8
10282756.4
2606031.4
4689370.7
2711554.3
3308115.4
4587110
8314540.7
7546269.1
4415573.3
3550163.1
8650780.7
6542577.6
5183403.3
1050347.8
7064415.5
10330252.4
5052673.6
3538945.8
3398269.7
5762835.6
3010572.5
4155171.1
2450510.5
1728017.9
6520802.2
3641865.8
1652401.6
16466462.1
5879601.4
2399082.3
11024650.9
23615733.3
7286904.9
6618668.8
4124151.8
7148599.3
2821923
5093102.8
3076422.9
23928939.5
4166644.5
6041005.9
2954089.5
2871463.2
4092080
6103321.7
2333491.6
3026446.8
2195441.8
11143641.7
2388290.9
2518443.3
5162104.4
5310715.7
3735408.1
3159754.4
7230147.7
3259790.3
5663112.8
2414816.9
3705293.1
1213456.6
3988196.8
239919.6
2122635.9
178235.8
457394.3
490940.2
454961.8
407199.7
593707.5
1143898.7
111830.1
1098158.5
1676026.6
1555652.5
526764
1250679.6
499254.8
198334.6
8749865.6
6029002.7
4950508.8
5074332.3
9500919.6
3991780.9
7376464.5
3968659.2
4678769
6033409.1
14069100.8
5133189.4
2758560.2
5591544.5
4222979
5794342.7
4146691.3
5251494.1
3468017.6
1006612.4
1294807.5
1904483.5
9777434.3
898769.1
14007109.4
8508592
6434047.6
4269284.9
3507064.7
7857084
14810322.5
3505299.6
4416422.1
8530118.6
11345158.3
2078369.6
5832808.4
8336926.4
9292716.2
7905817
6509711.5
4633846.6
4481790.3
6574444.4
8097167.4
2286551.7
4042034.4
4721330.3
4539316.6
14172092.9
6518029.1
1804090.2
1773021.1
5903043.3
4561376.4
9181327.6
11035491.5
9263493.4
2561508.7
4923407.1
879355.6
1901391.2
6278021.7
488585.8
1545314.3
371412.8
327801.9
363727.8
84210.1
131788.8
846281.8
212604
199821.4
446343
186869.1
2545108.9
427081.1
131547.4
569642.2
121784.3
346818
1199259.9
3260156.3
2512324.6
1051933.6
4117219.8
3671884.8
3214583.9
14154711.7
837776.4
70131.5
4451245.9
2377308.9
5081139.1
1045540.4
1759307.7
5424399.5
2599749.4
3355244.9
4266270.9
3782674.1
1215099.4
3630940.8
3237272.1
4024935.3
2331762.1
2147915.4
2909742.4
5466544.3
4933694.5
4137946.7
9297629.4
1272735.6
4492576.3
369570
3298716.6
2058913.8
2111464.7
2222598.5
1560136.6
1615909.3
403557.4
1944440.7
1247293.8
522621.1
1830576.1
2374909.8
2290573.4
5087751.4
2607569.6
9847191.7
4642572.5
8838570.5
3673503.8
2463970.1
117658.9
453177.2
137936.8
98996.1
120944.5
68815.1
46789.7
2380997.6
2171869
4761767.9
6272068.1
5921117.4
3033226.1
4042714.1
3308619.2
2761607.3
1975982.5
7185986.7
1757257.4
2532457
1243005.9
9154260.1
1330106.7
2323099.1
2327697.5
1530845.1
2454695.7
2682676.7
1722302.8
3202572.1
31069365.3
5728105.6
1563743
2170185.3
3992883.7
2319902.3
3552832.8
3075925.4
6030269.6
13486812.1
765611.7
42286.5
929104
230492.2
226133.1
532073.2
78942.9
2440120.4
89116.5
813538.7
951149.5
2173025.7
1336802.5
10240922.1
233009.2
2834734.2
2304693.6
4059647.9
1453318.4
955571.9
1425971.5
3961410.5